3.60171 1.05121
3.01674 2.16087
3.60171 1.05121
1.99244 0.1872
3.60171 1.05121
3.08964 1.52614
3.60171 1.05121
4.46872 0.121135
3.60171 1.05121
3.78293 2.44962
3.60171 1.05121
3.24205 2.423
3.60171 1.05121
5.64325 0.970429
3.60171 1.05121
4.53216 1.90268
3.60171 1.05121
3.46231 0.902235
3.60171 1.05121
3.04021 1.36517
3.60171 1.05121
2.62317 -0.0822162
3.60171 1.05121
5.51775 1.10394
3.60171 1.05121
3.60757 -0.288632
3.60171 1.05121
5.86588 0.360037
3.60171 1.05121
3.16941 2.18197
3.60171 1.05121
2.8691 1.43721
3.60171 1.05121
4.52835 1.35488
3.60171 1.05121
3.95522 0.134504
3.60171 1.05121
2.12298 0.709743
3.60171 1.05121
4.82773 0.929972
3.60171 1.05121
3.09445 1.21005
3.60171 1.05121
3.84516 2.48661
3.60171 1.05121
2.25075 -0.129084
3.60171 1.05121
3.46391 0.205701
3.60171 1.05121
3.54493 1.93137
3.60171 1.05121
2.08324 -0.742687
3.60171 1.05121
4.7168 1.78471
3.60171 1.05121
3.83228 1.36734
3.60171 1.05121
4.01251 1.93884
3.60171 1.05121
3.40387 2.13185
3.60171 1.05121
3.15452 -0.591536
3.60171 1.05121
3.81552 0.721118
3.60171 1.05121
4.65674 0.0692814
3.60171 1.05121
4.30638 1.37001
3.60171 1.05121
3.40745 1.67415
3.60171 1.05121
4.00696 1.06863
3.60171 1.05121
2.31974 1.1813
3.60171 1.05121
3.23796 2.00049
3.60171 1.05121
2.88795 1.71109
3.60171 1.05121
2.94019 -0.0505448
3.60171 1.05121
2.88435 0.270229
3.60171 1.05121
4.67781 1.68183
3.60171 1.05121
4.30896 1.91671
3.60171 1.05121
2.42805 0.096319
3.60171 1.05121
3.88191 2.25101
3.60171 1.05121
3.63107 1.42401
3.60171 1.05121
1.6518 -1.60726
3.60171 1.05121
3.00096 0.894366
3.60171 1.05121
3.87505 0.936803
3.60171 1.05121
3.02285 2.14475
3.60171 1.05121
5.98547 0.414152
