2.84711 3.13557
2.80886 3.06072
2.84711 3.13557
2.72384 2.95177
2.84711 3.13557
2.75204 3.11388
2.84711 3.13557
2.82717 3.14762
2.84711 3.13557
2.81369 3.12721
2.84711 3.13557
2.90645 3.44715
2.84711 3.13557
2.89325 3.22405
2.84711 3.13557
2.90466 3.05111
2.84711 3.13557
2.72504 3.01902
2.84711 3.13557
2.82781 3.13322
2.84711 3.13557
2.67824 3.09143
2.84711 3.13557
2.98686 3.19645
2.84711 3.13557
2.90334 3.14095
2.84711 3.13557
2.69435 3.0438
2.84711 3.13557
2.72996 3.1626
2.84711 3.13557
2.94454 2.95385
2.84711 3.13557
2.90118 3.14472
2.84711 3.13557
2.7488 3.02005
2.84711 3.13557
2.91115 2.96631
2.84711 3.13557
3.01931 3.07612
2.84711 3.13557
2.97312 3.16186
2.84711 3.13557
2.9777 3.32499
2.84711 3.13557
2.72675 3.2805
2.84711 3.13557
2.86156 3.21236
2.84711 3.13557
2.92028 3.02033
2.84711 3.13557
2.92485 3.09512
2.84711 3.13557
2.67036 3.38905
2.84711 3.13557
2.87846 3.22143
2.84711 3.13557
3.02382 3.01919
2.84711 3.13557
2.80731 2.92339
2.84711 3.13557
2.94076 3.37541
2.84711 3.13557
2.8801 3.16417
2.84711 3.13557
2.87105 3.11244
2.84711 3.13557
2.92391 3.04877
2.84711 3.13557
2.66083 3.11236
2.84711 3.13557
2.97609 3.04295
2.84711 3.13557
2.86279 3.09607
2.84711 3.13557
3.02254 3.14527
2.84711 3.13557
2.75735 3.43811
2.84711 3.13557
2.7699 3.08198
2.84711 3.13557
2.77452 2.98533
2.84711 3.13557
2.73609 2.9667
2.84711 3.13557
2.89566 3.23886
2.84711 3.13557
2.83199 3.30918
2.84711 3.13557
2.86975 3.28651
2.84711 3.13557
2.78806 3.32471
2.84711 3.13557
2.73333 3.0136
2.84711 3.13557
2.87278 2.94292
2.84711 3.13557
2.95613 3.02191
2.84711 3.13557
2.75005 2.94559
2.84711 3.13557
2.8701 3.02564
2.84711 3.13557
2.77137 3.18844
2.84711 3.13557
2.818 2.93532
2.84711 3.13557
2.95913 3.20095
2.84711 3.13557
2.75365 2.98599
2.84711 3.13557
2.95934 2.99178
2.84711 3.13557
2.76136 2.98475
2.84711 3.13557
2.82817 3.07203
2.84711 3.13557
3.0182 3.16176
2.84711 3.13557
2.72704 3.47109
2.84711 3.13557
2.88756 2.99196
2.84711 3.13557
2.68868 3.00871
2.84711 3.13557
2.81876 3.13576
2.84711 3.13557
2.77023 3.11127
2.84711 3.13557
2.71944 3.08831
2.84711 3.13557
2.72045 3.45224
2.84711 3.13557
2.65111 3.36206
2.84711 3.13557
2.69081 3.32381
2.84711 3.13557
2.84327 3.42939
2.84711 3.13557
2.68086 3.37233
2.84711 3.13557
2.88256 2.90004
2.84711 3.13557
2.9473 3.18069
2.84711 3.13557
3.02002 3.03933
2.84711 3.13557
2.80151 3.2142
2.84711 3.13557
2.80938 3.42197
2.84711 3.13557
2.93284 3.21764
2.84711 3.13557
2.95924 3.0819
2.84711 3.13557
2.80059 3.26498
2.84711 3.13557
2.84001 3.58318
2.84711 3.13557
2.82722 3.09859
2.84711 3.13557
2.83199 2.9595
2.84711 3.13557
3.03038 3.0348
2.84711 3.13557
2.98825 3.14972
2.84711 3.13557
2.8221 3.19021
2.84711 3.13557
2.98852 3.17234
2.84711 3.13557
2.88194 3.32557
2.84711 3.13557
2.76163 3.15617
2.84711 3.13557
2.8494 3.00397
2.84711 3.13557
2.87725 3.06225
2.84711 3.13557
2.81932 3.21367
2.84711 3.13557
2.7205 3.1923
2.84711 3.13557
2.76739 2.94619
2.84711 3.13557
2.72187 3.06844
2.84711 3.13557
2.76574 3.12262
2.84711 3.13557
2.90529 2.96632
2.84711 3.13557
3.00857 3.04578
2.84711 3.13557
2.87931 3.0041
2.84711 3.13557
2.74031 2.96807
2.84711 3.13557
2.88837 3.04564
2.84711 3.13557
2.74459 3.52456
2.84711 3.13557
2.96844 3.34805
2.84711 3.13557
2.95089 3.09687
2.84711 3.13557
2.84891 3.31071
2.84711 3.13557
2.79791 3.19223
2.84711 3.13557
2.79345 2.94632
2.84711 3.13557
3.01581 3.15798
2.84711 3.13557
2.83457 3.05595
2.84711 3.13557
2.99653 3.10659
2.84711 3.13557
2.78093 3.09875
2.84711 3.13557
2.99768 3.14642
2.84711 3.13557
2.97869 2.983
2.84711 3.13557
2.77077 3.27209
2.84711 3.13557
2.90055 3.21269
2.84711 3.13557
3.01708 3.00827
2.84711 3.13557
2.81437 3.40934
2.84711 3.13557
2.96795 3.16049
2.84711 3.13557
2.79046 2.97131
2.84711 3.13557
2.95049 3.03589
2.84711 3.13557
2.961 2.94674
2.84711 3.13557
2.91994 2.93885
2.84711 3.13557
2.93473 2.92617
2.84711 3.13557
2.79544 3.06612
2.84711 3.13557
2.71311 3.35029
2.84711 3.13557
2.95041 3.01657
2.84711 3.13557
2.89279 3.29755
2.84711 3.13557
2.99296 3.04521
2.84711 3.13557
2.94911 3.1979
2.84711 3.13557
2.95664 3.11689
2.84711 3.13557
2.67782 3.17976
2.84711 3.13557
2.70537 3.11602
2.84711 3.13557
2.99526 3.11422
2.84711 3.13557
2.84803 3.27096
2.84711 3.13557
2.83445 3.10882
2.84711 3.13557
2.79149 3.24151
2.84711 3.13557
2.87883 2.91293
2.84711 3.13557
2.66988 3.02604
2.84711 3.13557
2.79039 3.45791
2.84711 3.13557
2.86384 2.94111
2.84711 3.13557
2.67659 3.02693
2.84711 3.13557
2.88252 3.09565
2.84711 3.13557
2.65846 3.19953
2.84711 3.13557
2.81411 3.51453
2.84711 3.13557
2.75042 3.13764
2.84711 3.13557
2.9648 3.12641
2.84711 3.13557
3.04834 3.13627
2.84711 3.13557
2.70655 3.15574
2.84711 3.13557
2.83531 3.34262
2.84711 3.13557
2.77249 3.37196
2.84711 3.13557
2.98771 3.04748
2.84711 3.13557
2.83299 3.17781
2.84711 3.13557
2.88937 3.03037
2.84711 3.13557
3.032 3.04956
2.84711 3.13557
2.83517 2.98756
2.84711 3.13557
2.94052 2.94322
2.84711 3.13557
2.73498 3.17327
2.84711 3.13557
2.87943 3.17249
2.84711 3.13557
2.89084 3.11163
2.84711 3.13557
2.91373 3.39587
2.84711 3.13557
2.78121 3.18154
2.84711 3.13557
2.79907 3.13435
2.84711 3.13557
2.96506 3.01498
2.84711 3.13557
3.034 3.00482
2.84711 3.13557
2.7984 3.07221
2.84711 3.13557
3.02385 2.99725
2.84711 3.13557
2.95954 2.95118
2.84711 3.13557
2.91109 3.00568
2.84711 3.13557
2.82377 3.26448
2.84711 3.13557
2.93514 3.21411
2.84711 3.13557
2.79637 3.35504
2.84711 3.13557
3.00216 3.06636
2.84711 3.13557
2.8541 3.11901
2.84711 3.13557
2.73092 3.00867
2.84711 3.13557
2.82061 3.17671
2.84711 3.13557
2.90083 3.10666
2.84711 3.13557
2.69778 3.14019
2.84711 3.13557
2.90359 3.14199
2.84711 3.13557
2.90514 3.41876
2.84711 3.13557
2.79222 2.96301
2.84711 3.13557
2.96676 3.09952
2.84711 3.13557
2.72001 3.15255
2.84711 3.13557
2.97903 3.12066
2.84711 3.13557
2.74868 3.1356
2.84711 3.13557
2.93866 3.069
2.84711 3.13557
2.76152 3.21031
2.84711 3.13557
2.72103 2.97336
2.84711 3.13557
2.9651 3.03209
2.84711 3.13557
2.96074 3.07319
2.84711 3.13557
2.75295 3.05021
2.84711 3.13557
2.94048 3.13053
2.84711 3.13557
2.68627 3.06836
2.84711 3.13557
2.81595 3.1319
2.84711 3.13557
2.68579 3.11014
2.84711 3.13557
2.84274 3.12596
2.84711 3.13557
2.85279 3.35784
2.84711 3.13557
2.87784 3.11277
2.84711 3.13557
2.69681 3.18774
2.84711 3.13557
2.9839 3.19958
2.84711 3.13557
2.76584 3.51989
2.84711 3.13557
2.70998 3.40032
2.84711 3.13557
2.77343 2.97911
2.84711 3.13557
2.71399 3.11883
2.84711 3.13557
2.97093 3.02466
2.84711 3.13557
2.73279 3.30039
2.84711 3.13557
3.05167 3.04163
2.84711 3.13557
3.07085 3.05008
2.84711 3.13557
2.70063 3.29754
2.84711 3.13557
3.01815 3.00374
2.84711 3.13557
2.67733 2.995
2.84711 3.13557
2.77493 2.97579
2.84711 3.13557
2.84423 2.97476
2.84711 3.13557
2.95514 3.11622
2.84711 3.13557
2.96502 3.16704
2.84711 3.13557
2.65381 3.09125
2.84711 3.13557
3.00511 3.04403
2.84711 3.13557
2.91508 3.07991
2.84711 3.13557
2.80489 3.31945
2.84711 3.13557
2.87074 3.26775
2.84711 3.13557
2.81253 2.97547
2.84711 3.13557
2.93271 3.25376
2.84711 3.13557
2.64915 3.09593
2.84711 3.13557
2.74106 3.28997
2.84711 3.13557
2.85396 3.44189
2.84711 3.13557
3.03933 3.01247
2.84711 3.13557
3.04826 3.09788
2.84711 3.13557
2.94025 3.04911
2.84711 3.13557
2.86321 3.19134
2.84711 3.13557
2.97755 3.05996
2.84711 3.13557
2.76404 2.9865
2.84711 3.13557
2.93324 3.31217
2.84711 3.13557
2.73011 3.14241
2.84711 3.13557
2.90591 3.05666
2.84711 3.13557
2.87403 2.9338
2.84711 3.13557
2.77613 3.04207
2.84711 3.13557
2.71328 3.06151
2.84711 3.13557
2.81961 3.13929
2.84711 3.13557
2.86329 2.91477
2.84711 3.13557
2.68288 3.10585
2.84711 3.13557
2.67604 3.14182
2.84711 3.13557
2.81675 3.5866
2.84711 3.13557
2.82651 2.99005
2.84711 3.13557
2.7571 3.067
2.84711 3.13557
2.83533 3.08408
2.84711 3.13557
2.85327 3.25408
2.84711 3.13557
2.92419 2.93764
2.84711 3.13557
2.73396 2.9558
2.84711 3.13557
3.00164 3.1559
2.84711 3.13557
2.97454 3.35325
2.84711 3.13557
2.7173 3.07664
2.84711 3.13557
2.79391 3.13656
2.84711 3.13557
2.82472 3.03459
2.84711 3.13557
2.91165 3.27702
2.84711 3.13557
2.72042 3.41995
2.84711 3.13557
2.9459 3.19884
2.84711 3.13557
2.96521 3.01913
2.84711 3.13557
2.94542 3.069
2.84711 3.13557
2.73815 3.23886
2.84711 3.13557
2.80776 2.98419
2.84711 3.13557
2.95792 3.08168
2.84711 3.13557
2.82242 3.19548
2.84711 3.13557
2.97603 3.19059
2.84711 3.13557
2.66341 3.02271
2.84711 3.13557
2.92861 2.97055
2.84711 3.13557
2.72253 2.97629
2.84711 3.13557
2.94676 2.947
2.84711 3.13557
2.93784 3.03254
2.84711 3.13557
2.75296 3.63442
2.84711 3.13557
2.7825 2.98856
2.84711 3.13557
3.01062 3.15822
2.84711 3.13557
2.86752 3.23832
2.84711 3.13557
2.77139 2.96962
2.84711 3.13557
2.94614 3.35507
2.84711 3.13557
2.95576 3.40647
2.84711 3.13557
2.73081 2.97441
2.84711 3.13557
2.85023 3.51353
2.84711 3.13557
2.93565 3.12032
2.84711 3.13557
2.95278 2.94517
2.84711 3.13557
2.79817 2.93281
2.84711 3.13557
2.89652 3.02873
2.84711 3.13557
2.70933 3.15888
2.84711 3.13557
2.80688 3.5626
2.84711 3.13557
2.90665 3.03135
2.84711 3.13557
2.74371 3.22806
2.84711 3.13557
3.01778 3.10485
2.84711 3.13557
2.9474 3.3584
2.84711 3.13557
2.6845 3.19629
2.84711 3.13557
2.9053 3.0029
2.84711 3.13557
2.93046 3.40231
2.84711 3.13557
2.93887 3.13854
2.84711 3.13557
2.71289 3.25881
2.84711 3.13557
2.82129 3.11885
2.84711 3.13557
2.80712 3.30296
2.84711 3.13557
2.82885 2.95929
2.84711 3.13557
2.93836 3.20943
2.84711 3.13557
2.84412 3.28122
2.84711 3.13557
2.72613 3.11215
2.84711 3.13557
2.80417 3.08596
2.84711 3.13557
3.07669 3.04825
2.84711 3.13557
2.77775 3.11738
2.84711 3.13557
2.91835 2.96521
2.84711 3.13557
2.71184 3.40412
2.84711 3.13557
3.05088 3.06442
2.84711 3.13557
2.67768 3.06972
2.84711 3.13557
2.83812 3.13842
2.84711 3.13557
2.90169 2.91189
2.84711 3.13557
2.71015 3.0636
2.84711 3.13557
2.90714 3.08092
2.84711 3.13557
2.98813 3.07379
2.84711 3.13557
2.82497 2.99343
2.84711 3.13557
3.03215 3.07471
2.84711 3.13557
2.67957 3.12196
2.84711 3.13557
2.91908 2.9676
2.84711 3.13557
2.95434 2.94091
2.84711 3.13557
2.83936 3.23901
2.84711 3.13557
2.72367 2.95149
2.84711 3.13557
2.6682 3.0836
2.84711 3.13557
2.72707 3.06818
2.84711 3.13557
2.96 3.12929
2.84711 3.13557
2.92382 3.08057
2.84711 3.13557
2.64789 3.38462
2.84711 3.13557
2.97744 3.13782
2.84711 3.13557
2.73995 3.06744
2.84711 3.13557
2.79387 3.24196
2.84711 3.13557
2.76945 3.16411
2.84711 3.13557
2.95718 3.08691
2.84711 3.13557
2.86212 3.0584
2.84711 3.13557
2.94234 3.14741
2.84711 3.13557
2.74417 3.16206
2.84711 3.13557
2.98485 3.19019
2.84711 3.13557
2.91373 2.95338
2.84711 3.13557
2.84578 3.08063
2.84711 3.13557
2.85731 3.2602
2.84711 3.13557
2.706 3.14093
2.84711 3.13557
2.70727 3.32538
2.84711 3.13557
2.87162 3.10499
2.84711 3.13557
2.78839 3.05004
2.84711 3.13557
2.71207 3.04389
2.84711 3.13557
2.87466 3.21795
2.84711 3.13557
2.65317 3.12017
2.84711 3.13557
2.92501 3.2448
2.84711 3.13557
2.74237 2.96188
2.84711 3.13557
2.67868 3.04598
2.84711 3.13557
2.7428 3.2979
2.84711 3.13557
2.88733 3.14577
2.84711 3.13557
2.79036 3.14517
2.84711 3.13557
2.72466 3.23313
2.84711 3.13557
2.69987 3.20009
2.84711 3.13557
2.86303 3.00032
2.84711 3.13557
2.77222 3.14454
2.84711 3.13557
2.9037 3.05728
2.84711 3.13557
2.9271 2.9484
2.84711 3.13557
2.71854 3.37586
2.84711 3.13557
2.76614 3.00814
2.84711 3.13557
2.69186 3.12319
2.84711 3.13557
2.8406 3.02292
2.84711 3.13557
2.77973 3.2238
2.84711 3.13557
2.93163 3.02294
2.84711 3.13557
2.75173 3.43499
2.84711 3.13557
2.68803 3.28332
2.84711 3.13557
2.75318 3.00469
2.84711 3.13557
2.79513 3.0142
2.84711 3.13557
2.73863 3.21342
2.84711 3.13557
2.90245 3.08381
2.84711 3.13557
2.66369 3.0639
2.84711 3.13557
2.99772 3.10903
2.84711 3.13557
2.94391 3.27002
2.84711 3.13557
2.66342 3.03732
2.84711 3.13557
2.82965 2.95614
2.84711 3.13557
2.78653 2.96002
2.84711 3.13557
2.94436 2.9978
2.84711 3.13557
2.88252 2.98301
2.84711 3.13557
2.84113 3.39844
2.84711 3.13557
2.75909 3.16592
2.84711 3.13557
2.89486 3.29489
2.84711 3.13557
2.65068 3.37419
2.84711 3.13557
2.93237 3.096
2.84711 3.13557
2.88961 3.28884
2.84711 3.13557
2.85224 3.29148
2.84711 3.13557
3.01842 3.0563
2.84711 3.13557
2.78313 3.16999
2.84711 3.13557
2.769 3.17108
2.84711 3.13557
2.7744 3.14312
2.84711 3.13557
3.00749 3.11394
2.84711 3.13557
2.86324 3.13213
2.84711 3.13557
2.83919 3.31959
2.84711 3.13557
2.76725 3.17209
2.84711 3.13557
2.93552 2.94314
2.84711 3.13557
2.69334 3.71745
2.84711 3.13557
2.83601 3.26995
2.84711 3.13557
2.87053 3.14773
2.84711 3.13557
3.03233 3.05879
2.84711 3.13557
2.86021 3.16095
2.84711 3.13557
3.03193 3.13031
2.84711 3.13557
2.91755 3.08618
2.84711 3.13557
2.79855 3.14659
2.84711 3.13557
2.88533 3.49106
2.84711 3.13557
2.92741 3.21105
2.84711 3.13557
2.82962 3.36128
2.84711 3.13557
2.91922 3.01965
2.84711 3.13557
3.03059 3.03874
2.84711 3.13557
2.84647 3.00079
2.84711 3.13557
2.89145 3.13827
2.84711 3.13557
2.78244 2.98215
2.84711 3.13557
2.68317 3.33734
2.84711 3.13557
2.94731 3.09268
2.84711 3.13557
2.87212 2.98855
2.84711 3.13557
2.69681 2.99232
2.84711 3.13557
2.76961 2.97857
2.84711 3.13557
2.95862 3.23651
2.84711 3.13557
2.87816 3.17346
2.84711 3.13557
2.96355 3.07693
2.84711 3.13557
2.902 2.98249
2.84711 3.13557
2.94132 3.00162
2.84711 3.13557
2.76206 2.96871
2.84711 3.13557
2.73281 3.14788
2.84711 3.13557
2.83694 3.00318
2.84711 3.13557
2.91957 2.96943
2.84711 3.13557
2.84223 2.95073
2.84711 3.13557
2.87968 2.93878
2.84711 3.13557
2.74761 3.15153
2.84711 3.13557
2.95314 3.20339
2.84711 3.13557
2.87798 3.0793
2.84711 3.13557
2.76795 3.23043
2.84711 3.13557
2.93822 3.09856
2.84711 3.13557
2.78078 3.24444
2.84711 3.13557
2.66584 3.13374
2.84711 3.13557
2.86245 3.1595
2.84711 3.13557
2.834 3.24119
2.84711 3.13557
2.65054 3.18323
2.84711 3.13557
3.0029 3.00429
2.84711 3.13557
2.70906 3.0904
2.84711 3.13557
2.96812 3.29379
2.84711 3.13557
2.73978 3.1177
2.84711 3.13557
2.92124 3.0966
2.84711 3.13557
2.91171 3.0685
2.84711 3.13557
2.67327 3.27108
2.84711 3.13557
2.98818 3.2122
2.84711 3.13557
3.03388 3.12269
2.84711 3.13557
2.84039 3.13031
2.84711 3.13557
3.06539 3.06409
2.84711 3.13557
2.75795 3.43798
2.84711 3.13557
2.90223 3.4188
2.84711 3.13557
2.78323 3.09558
2.84711 3.13557
2.98145 3.2478
