3.52474 2.93266
3.60144 2.57005
3.52474 2.93266
3.46148 3.07438
3.52474 2.93266
3.53475 3.0071
3.52474 2.93266
3.66527 2.85723
3.52474 2.93266
3.42089 3.07064
3.52474 2.93266
3.61594 2.80141
3.52474 2.93266
3.59213 3.23639
3.52474 2.93266
3.4721 3.02404
3.52474 2.93266
3.97576 3.5707
3.52474 2.93266
3.62012 2.68511
3.52474 2.93266
3.61649 2.89039
3.52474 2.93266
3.48951 2.93307
3.52474 2.93266
3.93747 2.88191
3.52474 2.93266
3.67129 3.08613
3.52474 2.93266
3.50187 2.87068
3.52474 2.93266
3.62911 3.16955
3.52474 2.93266
3.52407 2.75593
3.52474 2.93266
3.61049 2.45344
3.52474 2.93266
3.41722 3.06968
3.52474 2.93266
3.46817 3.17329
3.52474 2.93266
3.66861 2.87402
3.52474 2.93266
3.54682 2.97785
3.52474 2.93266
3.71633 3.20194
3.52474 2.93266
3.6591 2.95406
3.52474 2.93266
3.56509 2.58017
3.52474 2.93266
3.40589 3.05641
3.52474 2.93266
3.30574 2.95205
3.52474 2.93266
3.42376 2.79754
3.52474 2.93266
3.43177 2.85665
3.52474 2.93266
3.31084 2.9394
3.52474 2.93266
3.44988 2.89482
3.52474 2.93266
3.62255 3.05977
3.52474 2.93266
3.48426 2.99114
3.52474 2.93266
3.41502 3.08647
3.52474 2.93266
3.67351 2.57083
3.52474 2.93266
3.48977 2.75444
3.52474 2.93266
3.43616 3.02023
3.52474 2.93266
3.54231 2.78662
3.52474 2.93266
3.50954 3.01439
3.52474 2.93266
3.5616 3.04903
3.52474 2.93266
3.36307 3.04871
3.52474 2.93266
3.54631 3.26145
3.52474 2.93266
3.33856 2.94988
3.52474 2.93266
3.3284 3.00143
3.52474 2.93266
3.59236 2.52583
3.52474 2.93266
3.99139 2.92524
3.52474 2.93266
3.43531 2.65444
3.52474 2.93266
3.35555 2.99684
3.52474 2.93266
3.75548 2.91608
3.52474 2.93266
3.42465 2.81567
3.52474 2.93266
3.80979 3.00794
3.52474 2.93266
3.63105 2.7596
3.52474 2.93266
3.60978 2.83264
3.52474 2.93266
3.44056 2.56307
3.52474 2.93266
3.46227 2.97386
3.52474 2.93266
3.7985 2.9846
3.52474 2.93266
3.56385 2.64755
3.52474 2.93266
3.75807 2.78982
3.52474 2.93266
3.71729 3.32861
3.52474 2.93266
3.33661 3.06281
3.52474 2.93266
3.45015 2.72006
3.52474 2.93266
3.5288 2.40668
3.52474 2.93266
3.35607 2.79626
3.52474 2.93266
3.41649 2.92215
3.52474 2.93266
3.47184 2.66623
3.52474 2.93266
3.61163 2.41851
3.52474 2.93266
3.62043 2.76129
3.52474 2.93266
3.30863 2.95364
3.52474 2.93266
3.46115 2.92837
3.52474 2.93266
3.70615 3.01355
3.52474 2.93266
3.51781 2.80168
3.52474 2.93266
3.53472 3.11087
3.52474 2.93266
3.77061 2.83595
3.52474 2.93266
3.48033 3.00915
3.52474 2.93266
3.37461 2.71068
3.52474 2.93266
3.38073 2.80111
3.52474 2.93266
3.71248 3.07427
3.52474 2.93266
3.52944 3.01
3.52474 2.93266
3.64 3.11628
3.52474 2.93266
3.40907 2.86656
3.52474 2.93266
3.46617 2.81967
3.52474 2.93266
3.69112 2.59578
3.52474 2.93266
3.52216 2.75929
3.52474 2.93266
3.98234 2.76967
3.52474 2.93266
3.64434 3.18174
3.52474 2.93266
3.4082 3.02301
3.52474 2.93266
3.46299 3.03821
3.52474 2.93266
3.40887 2.93858
3.52474 2.93266
3.46153 2.80213
3.52474 2.93266
3.33569 2.83806
3.52474 2.93266
3.65112 2.84403
3.52474 2.93266
3.29601 2.95033
3.52474 2.93266
3.39473 2.89979
3.52474 2.93266
3.46401 2.8615
3.52474 2.93266
3.51742 2.96202
3.52474 2.93266
3.38662 2.95
3.52474 2.93266
3.33119 2.93537
3.52474 2.93266
3.32959 3.01027
3.52474 2.93266
3.45216 2.86841
3.52474 2.93266
3.65569 2.87796
3.52474 2.93266
3.51572 2.85754
3.52474 2.93266
3.34017 2.89304
3.52474 2.93266
3.60037 2.8784
3.52474 2.93266
3.39698 2.93254
3.52474 2.93266
3.60769 3.00974
3.52474 2.93266
3.69901 3.29402
3.52474 2.93266
3.37659 2.98192
3.52474 2.93266
3.77776 2.57474
3.52474 2.93266
3.48863 2.88221
3.52474 2.93266
3.34513 2.86547
3.52474 2.93266
3.74618 3.19082
3.52474 2.93266
3.40066 3.12558
3.52474 2.93266
3.54806 2.83144
3.52474 2.93266
3.32474 3.03228
3.52474 2.93266
3.77657 3.30139
3.52474 2.93266
3.88577 3.27623
3.52474 2.93266
3.56 3.14194
3.52474 2.93266
3.43093 2.96521
3.52474 2.93266
3.51569 3.0769
3.52474 2.93266
3.42667 2.66636
3.52474 2.93266
3.89694 3.17944
3.52474 2.93266
3.42432 3.12081
3.52474 2.93266
3.38154 3.07147
3.52474 2.93266
3.52181 2.69803
3.52474 2.93266
3.48621 2.73894
3.52474 2.93266
3.53379 3.14505
3.52474 2.93266
3.99618 3.24482
3.52474 2.93266
3.43039 3.03157
3.52474 2.93266
3.38587 2.92223
3.52474 2.93266
3.45747 2.68241
3.52474 2.93266
3.51749 2.63607
3.52474 2.93266
3.46484 2.96267
3.52474 2.93266
3.86815 2.45253
3.52474 2.93266
3.35638 2.79589
3.52474 2.93266
3.40536 2.84078
3.52474 2.93266
3.42015 2.7747
3.52474 2.93266
3.62753 2.67444
3.52474 2.93266
3.48994 3.02661
3.52474 2.93266
3.57197 2.80872
3.52474 2.93266
3.62025 3.22176
3.52474 2.93266
3.36329 2.81484
3.52474 2.93266
3.46354 2.71715
3.52474 2.93266
3.48961 3.10202
3.52474 2.93266
3.40491 3.1221
3.52474 2.93266
3.39575 2.75991
3.52474 2.93266
3.63354 3.24259
3.52474 2.93266
3.59575 2.9216
3.52474 2.93266
3.642 3.05789
3.52474 2.93266
3.54998 2.92678
3.52474 2.93266
3.36029 2.96367
3.52474 2.93266
3.69484 3.00977
3.52474 2.93266
3.60444 3.23009
3.52474 2.93266
3.3359 2.8968
3.52474 2.93266
3.54822 2.78172
3.52474 2.93266
3.47338 3.10193
3.52474 2.93266
3.3141 2.91746
3.52474 2.93266
3.31527 3.042
3.52474 2.93266
3.39807 2.69556
3.52474 2.93266
3.29802 3.01741
3.52474 2.93266
3.49282 3.18122
3.52474 2.93266
3.41472 3.07362
3.52474 2.93266
3.56746 3.10628
3.52474 2.93266
3.47503 3.12634
3.52474 2.93266
3.84041 3.00256
3.52474 2.93266
3.51588 2.87638
3.52474 2.93266
3.48276 2.76501
3.52474 2.93266
3.49401 3.10857
3.52474 2.93266
3.54931 2.86029
3.52474 2.93266
3.46912 3.17156
3.52474 2.93266
3.76988 3.03524
3.52474 2.93266
3.57472 3.04887
3.52474 2.93266
3.76885 2.97324
3.52474 2.93266
3.50148 2.94766
3.52474 2.93266
3.34398 2.93126
3.52474 2.93266
3.46384 2.97652
3.52474 2.93266
3.73802 2.89833
3.52474 2.93266
3.54521 2.91682
3.52474 2.93266
3.50329 2.78472
3.52474 2.93266
3.70195 3.39047
3.52474 2.93266
3.67855 3.17828
3.52474 2.93266
3.51209 2.98557
3.52474 2.93266
3.53944 2.94277
3.52474 2.93266
3.41485 2.91023
3.52474 2.93266
3.62088 2.89608
3.52474 2.93266
3.36863 2.77569
3.52474 2.93266
3.56474 3.06775
3.52474 2.93266
3.52823 2.96502
3.52474 2.93266
3.3481 2.93273
3.52474 2.93266
3.32347 2.97444
3.52474 2.93266
3.62292 2.58189
3.52474 2.93266
3.40957 2.66689
3.52474 2.93266
3.35428 2.92274
3.52474 2.93266
3.48851 2.99102
3.52474 2.93266
3.78726 3.0508
3.52474 2.93266
3.41785 2.82681
3.52474 2.93266
3.37052 2.99467
3.52474 2.93266
3.59058 3.20577
3.52474 2.93266
3.5614 2.68971
3.52474 2.93266
3.30899 2.91739
3.52474 2.93266
3.38642 2.98824
3.52474 2.93266
3.82268 2.60254
3.52474 2.93266
3.82174 3.11746
3.52474 2.93266
3.59576 2.782
3.52474 2.93266
3.29995 2.91549
3.52474 2.93266
3.40311 3.08456
3.52474 2.93266
3.51433 2.98729
3.52474 2.93266
3.36673 2.90196
3.52474 2.93266
3.91888 3.21294
3.52474 2.93266
3.49568 2.97011
3.52474 2.93266
3.77639 3.05508
3.52474 2.93266
3.53665 3.09213
3.52474 2.93266
3.30901 2.93547
3.52474 2.93266
3.49878 3.07554
3.52474 2.93266
3.80602 3.09964
3.52474 2.93266
3.56482 3.00873
3.52474 2.93266
3.48287 2.97534
3.52474 2.93266
3.61711 2.56736
3.52474 2.93266
3.52993 2.7185
3.52474 2.93266
3.65164 3.19731
3.52474 2.93266
3.45862 2.57606
3.52474 2.93266
3.3141 2.95851
3.52474 2.93266
3.48865 3.01176
3.52474 2.93266
3.45367 3.01916
3.52474 2.93266
3.42849 2.91475
3.52474 2.93266
3.50128 2.83779
3.52474 2.93266
3.33773 2.94143
3.52474 2.93266
3.36647 2.96603
3.52474 2.93266
3.43407 3.11216
3.52474 2.93266
3.75276 2.59347
3.52474 2.93266
3.4089 3.10302
3.52474 2.93266
3.37938 2.78544
3.52474 2.93266
3.41706 2.71716
3.52474 2.93266
3.27856 2.99021
3.52474 2.93266
3.44628 3.03037
3.52474 2.93266
3.62484 3.01483
3.52474 2.93266
3.467 2.7116
3.52474 2.93266
3.52245 2.98676
3.52474 2.93266
3.38285 3.05745
3.52474 2.93266
3.45986 2.88869
3.52474 2.93266
3.78985 3.2736
3.52474 2.93266
3.47893 3.06795
3.52474 2.93266
3.3686 2.78106
3.52474 2.93266
3.44154 2.96547
3.52474 2.93266
3.61319 3.01897
3.52474 2.93266
3.60178 3.14948
3.52474 2.93266
3.60962 2.78677
3.52474 2.93266
3.62207 2.8235
3.52474 2.93266
3.63042 2.87339
3.52474 2.93266
3.66468 2.47988
3.52474 2.93266
3.62158 3.04328
3.52474 2.93266
3.39475 2.87015
3.52474 2.93266
3.42627 3.10022
3.52474 2.93266
3.54161 2.59607
3.52474 2.93266
3.44095 3.11002
3.52474 2.93266
3.42157 2.82593
3.52474 2.93266
3.47327 2.92172
3.52474 2.93266
3.32115 3.01342
3.52474 2.93266
3.44775 3.13926
3.52474 2.93266
3.56986 3.26573
3.52474 2.93266
3.66015 2.60816
