2.4435 3.13261
2.34862 2.83662
2.4435 3.13261
2.43657 2.99359
2.4435 3.13261
2.5729 3.28303
2.4435 3.13261
2.20664 2.85392
2.4435 3.13261
2.51919 3.32415
2.4435 3.13261
2.46763 2.97683
2.4435 3.13261
2.52415 2.96385
2.4435 3.13261
2.59098 3.18328
2.4435 3.13261
2.37726 3.15
2.4435 3.13261
2.58535 3.3284
2.4435 3.13261
2.45393 3.35272
2.4435 3.13261
2.47932 3.05099
2.4435 3.13261
2.49129 3.08781
2.4435 3.13261
2.60782 2.98015
2.4435 3.13261
2.47348 2.89705
2.4435 3.13261
2.50118 3.10714
2.4435 3.13261
2.51915 3.15678
2.4435 3.13261
2.30148 3.20721
2.4435 3.13261
2.50625 2.89051
2.4435 3.13261
2.30854 3.07764
2.4435 3.13261
2.14151 2.92267
2.4435 3.13261
2.41391 2.83368
2.4435 3.13261
2.61621 3.13677
2.4435 3.13261
2.32229 3.20266
2.4435 3.13261
2.18247 3.17846
2.4435 3.13261
2.51561 2.99088
2.4435 3.13261
2.63299 3.27197
2.4435 3.13261
2.60267 3.12053
2.4435 3.13261
2.33803 2.92621
2.4435 3.13261
1.86388 3.1278
2.4435 3.13261
2.37563 2.83913
2.4435 3.13261
2.39223 3.02279
2.4435 3.13261
2.22759 3.05628
2.4435 3.13261
2.47922 3.27362
2.4435 3.13261
2.59925 3.0798
2.4435 3.13261
2.35542 3.08777
2.4435 3.13261
2.39357 2.886
2.4435 3.13261
2.31594 2.9818
2.4435 3.13261
2.52851 3.45917
2.4435 3.13261
2.1399 2.89997
2.4435 3.13261
2.15501 3.0863
2.4435 3.13261
2.3226 2.83968
2.4435 3.13261
2.07872 3.31817
2.4435 3.13261
2.55583 3.33419
2.4435 3.13261
2.46994 3.10874
2.4435 3.13261
2.62409 3.05049
2.4435 3.13261
2.60225 3.13397
2.4435 3.13261
2.42262 2.93306
2.4435 3.13261
2.45406 3.35313
2.4435 3.13261
2.53517 3.20042
2.4435 3.13261
2.39825 3.28071
2.4435 3.13261
2.59147 3.30754
2.4435 3.13261
2.32438 2.94367
2.4435 3.13261
1.72792 3.33477
2.4435 3.13261
2.48594 3.09243
2.4435 3.13261
2.18048 3.01301
2.4435 3.13261
2.41368 3.30479
2.4435 3.13261
2.14086 2.99787
2.4435 3.13261
2.60163 3.56853
2.4435 3.13261
2.35997 2.99472
2.4435 3.13261
2.43041 3.1984
2.4435 3.13261
2.42801 3.13297
2.4435 3.13261
2.50228 3.03372
2.4435 3.13261
2.63927 3.0237
2.4435 3.13261
2.3831 3.0517
2.4435 3.13261
2.30702 2.90692
2.4435 3.13261
2.31886 3.11893
2.4435 3.13261
2.28448 3.03974
2.4435 3.13261
2.43535 2.96786
2.4435 3.13261
2.61822 3.14823
2.4435 3.13261
1.99773 2.91211
2.4435 3.13261
2.57931 2.98037
2.4435 3.13261
2.47563 3.35928
2.4435 3.13261
2.51029 2.94934
2.4435 3.13261
2.23968 2.85598
2.4435 3.13261
2.01424 2.61561
2.4435 3.13261
2.55135 3.21523
2.4435 3.13261
2.43175 2.84156
2.4435 3.13261
2.45363 3.09923
2.4435 3.13261
2.59971 3.16816
2.4435 3.13261
2.54341 2.97482
2.4435 3.13261
2.48241 3.48365
2.4435 3.13261
2.50358 3.34717
2.4435 3.13261
2.48329 3.20081
2.4435 3.13261
2.50357 2.96147
2.4435 3.13261
2.63299 3.49032
2.4435 3.13261
2.52149 2.90461
2.4435 3.13261
2.50319 3.49914
2.4435 3.13261
2.52888 3.37598
2.4435 3.13261
2.39904 3.09867
2.4435 3.13261
2.62872 3.00375
2.4435 3.13261
2.32277 3.22721
2.4435 3.13261
2.3315 2.89484
2.4435 3.13261
2.55891 2.95641
2.4435 3.13261
2.26905 3.24971
2.4435 3.13261
2.53671 3.33975
2.4435 3.13261
2.51367 3.42562
2.4435 3.13261
2.60875 2.95545
2.4435 3.13261
2.56475 3.02551
2.4435 3.13261
2.54615 3.33001
2.4435 3.13261
2.54114 3.20751
2.4435 3.13261
2.60505 2.96526
2.4435 3.13261
2.31273 3.49181
2.4435 3.13261
2.13855 3.06576
2.4435 3.13261
1.98252 2.89785
2.4435 3.13261
2.41704 3.20277
2.4435 3.13261
2.59463 3.22805
2.4435 3.13261
2.25311 2.89346
2.4435 3.13261
2.52173 3.17657
2.4435 3.13261
2.33897 2.84818
2.4435 3.13261
2.61989 3.12723
2.4435 3.13261
2.42664 3.18656
2.4435 3.13261
2.30466 2.91262
2.4435 3.13261
2.52212 3.36368
2.4435 3.13261
2.38806 3.15482
2.4435 3.13261
2.64084 3.12897
2.4435 3.13261
2.398 3.1627
2.4435 3.13261
2.52041 3.38033
2.4435 3.13261
2.2775 2.92397
2.4435 3.13261
2.47022 3.23283
2.4435 3.13261
2.38269 3.35236
2.4435 3.13261
2.45862 3.11295
2.4435 3.13261
2.61399 3.03799
2.4435 3.13261
2.60281 3.31314
2.4435 3.13261
2.55757 3.38461
2.4435 3.13261
2.4302 3.28268
2.4435 3.13261
2.47301 3.26234
2.4435 3.13261
2.42333 2.87779
2.4435 3.13261
2.29614 3.17517
2.4435 3.13261
2.54801 3.0339
2.4435 3.13261
2.54043 3.11637
2.4435 3.13261
2.40176 3.12632
2.4435 3.13261
2.13453 2.81267
2.4435 3.13261
2.63747 3.13267
2.4435 3.13261
2.23189 3.35065
2.4435 3.13261
2.31813 3.30552
2.4435 3.13261
2.51854 3.07107
2.4435 3.13261
2.50565 3.19654
2.4435 3.13261
2.57705 3.03015
2.4435 3.13261
2.56923 2.98856
2.4435 3.13261
2.55425 3.0899
2.4435 3.13261
2.60734 3.25391
2.4435 3.13261
2.51745 2.94791
2.4435 3.13261
1.91402 3.04068
2.4435 3.13261
2.62626 2.97773
2.4435 3.13261
2.52556 3.24479
2.4435 3.13261
2.50866 3.11959
2.4435 3.13261
2.44635 3.33397
2.4435 3.13261
2.31675 3.46659
2.4435 3.13261
2.37626 3.15984
2.4435 3.13261
2.52816 3.43844
2.4435 3.13261
2.63176 3.12343
2.4435 3.13261
2.37633 2.89311
2.4435 3.13261
2.55223 2.98153
2.4435 3.13261
2.43888 3.2793
2.4435 3.13261
2.58197 3.00514
2.4435 3.13261
2.51849 3.00166
2.4435 3.13261
2.62435 3.46067
2.4435 3.13261
2.43082 3.19198
2.4435 3.13261
2.45082 3.43346
2.4435 3.13261
2.30144 3.28842
2.4435 3.13261
2.6047 3.25887
2.4435 3.13261
2.58961 3.17275
2.4435 3.13261
2.51222 3.22235
2.4435 3.13261
2.50553 3.03768
2.4435 3.13261
2.25594 2.97901
2.4435 3.13261
2.50038 3.00325
2.4435 3.13261
2.59726 3.05549
2.4435 3.13261
2.53068 2.99788
2.4435 3.13261
2.40758 3.11797
2.4435 3.13261
2.55165 3.07243
2.4435 3.13261
2.49095 3.15705
2.4435 3.13261
2.03736 3.07865
2.4435 3.13261
2.62046 3.04579
2.4435 3.13261
2.60922 3.32806
2.4435 3.13261
2.53002 3.33481
2.4435 3.13261
2.41596 3.05628
2.4435 3.13261
2.51387 3.23018
2.4435 3.13261
2.55826 3.39034
2.4435 3.13261
2.5604 3.12803
2.4435 3.13261
2.28975 3.0829
2.4435 3.13261
2.62631 3.07249
2.4435 3.13261
2.42052 2.93072
2.4435 3.13261
2.62595 3.49105
2.4435 3.13261
2.54128 3.13079
2.4435 3.13261
2.37232 3.02052
2.4435 3.13261
2.40326 3.44668
2.4435 3.13261
2.5609 2.95862
2.4435 3.13261
2.60508 3.10547
2.4435 3.13261
2.604 3.39134
2.4435 3.13261
2.40235 3.15132
2.4435 3.13261
2.34447 3.27304
2.4435 3.13261
2.56864 3.29956
2.4435 3.13261
2.41745 2.83591
2.4435 3.13261
2.06796 3.16072
2.4435 3.13261
2.54444 3.65419
2.4435 3.13261
2.47169 2.96021
2.4435 3.13261
2.57241 3.23503
2.4435 3.13261
2.63234 3.06213
2.4435 3.13261
2.41919 3.30721
2.4435 3.13261
2.35518 2.84666
2.4435 3.13261
2.34529 2.98463
2.4435 3.13261
2.52604 3.22643
2.4435 3.13261
2.56778 3.20386
2.4435 3.13261
2.34925 3.39086
2.4435 3.13261
2.57776 3.16538
2.4435 3.13261
2.45755 3.54375
2.4435 3.13261
2.22369 2.74597
2.4435 3.13261
2.55135 3.19684
2.4435 3.13261
2.57886 3.43351
2.4435 3.13261
2.62221 3.3245
2.4435 3.13261
2.412 2.90796
2.4435 3.13261
2.12947 3.11227
2.4435 3.13261
2.28495 3.16243
2.4435 3.13261
2.57422 3.15678
2.4435 3.13261
2.60386 3.3983
2.4435 3.13261
2.11661 3.157
2.4435 3.13261
2.61309 3.13771
2.4435 3.13261
2.58661 3.08463
2.4435 3.13261
2.37741 3.18737
2.4435 3.13261
2.55024 3.06647
2.4435 3.13261
2.16047 2.77438
2.4435 3.13261
2.57394 3.18802
2.4435 3.13261
2.49271 2.94761
2.4435 3.13261
2.6151 3.45108
