1.47046 2.2182
1.28137 2.41143
1.47046 2.2182
1.83621 1.49782
1.47046 2.2182
1.20307 1.58381
1.47046 2.2182
1.51062 3.1279
1.47046 2.2182
1.28694 2.07518
1.47046 2.2182
1.60967 2.2239
1.47046 2.2182
-0.401951 1.07839
1.47046 2.2182
1.18985 2.04397
1.47046 2.2182
0.116989 1.38819
1.47046 2.2182
1.46617 2.78276
1.47046 2.2182
1.01579 2.21117
1.47046 2.2182
2.3149 1.63583
1.47046 2.2182
1.89812 3.34927
1.47046 2.2182
2.21498 1.73492
1.47046 2.2182
1.05106 1.80778
1.47046 2.2182
2.45423 2.39
1.47046 2.2182
1.9586 3.11633
1.47046 2.2182
0.766598 2.67953
1.47046 2.2182
2.78735 2.32758
1.47046 2.2182
1.22652 2.80686
1.47046 2.2182
1.26999 0.405309
1.47046 2.2182
2.5279 2.86503
1.47046 2.2182
2.44313 2.36012
1.47046 2.2182
-0.0872547 0.305381
1.47046 2.2182
1.98792 3.04127
1.47046 2.2182
2.1674 2.65476
1.47046 2.2182
1.037 2.67448
1.47046 2.2182
2.61191 2.29009
1.47046 2.2182
2.43408 2.76054
1.47046 2.2182
1.58467 2.32213
1.47046 2.2182
-0.228278 1.80615
1.47046 2.2182
2.08507 2.54303
1.47046 2.2182
1.86573 2.86386
1.47046 2.2182
1.81536 3.28294
1.47046 2.2182
1.09927 1.90605
1.47046 2.2182
2.112 3.13997
1.47046 2.2182
1.79912 1.652
1.47046 2.2182
1.75638 2.26272
1.47046 2.2182
0.834749 1.68076
1.47046 2.2182
-0.123142 2.21919
1.47046 2.2182
1.98068 2.90611
1.47046 2.2182
1.68312 2.13322
1.47046 2.2182
1.99334 1.86016
1.47046 2.2182
1.31289 2.20174
1.47046 2.2182
2.73232 2.70186
1.47046 2.2182
1.71851 1.50381
1.47046 2.2182
0.686174 2.48167
1.47046 2.2182
-0.0732639 2.74256
1.47046 2.2182
1.65384 1.56201
1.47046 2.2182
2.68849 2.65845
1.47046 2.2182
-0.0568414 2.01077
1.47046 2.2182
0.621111 1.74842
1.47046 2.2182
1.95894 0.878099
1.47046 2.2182
-0.0327891 -0.168895
1.47046 2.2182
2.15534 3.0715
1.47046 2.2182
0.672326 2.77229
1.47046 2.2182
1.91437 1.78723
1.47046 2.2182
0.400699 2.01467
1.47046 2.2182
2.977 2.51709
1.47046 2.2182
1.57093 1.60484
1.47046 2.2182
0.815183 3.09853
1.47046 2.2182
2.03984 2.03391
1.47046 2.2182
1.6782 3.19948
1.47046 2.2182
1.72101 2.89261
1.47046 2.2182
0.625986 2.91491
1.47046 2.2182
0.994075 2.46843
1.47046 2.2182
2.29661 2.51489
1.47046 2.2182
0.409672 2.46716
1.47046 2.2182
1.32806 1.93966
1.47046 2.2182
2.19381 2.6535
1.47046 2.2182
1.96285 1.01299
