3.34709 4.03507
3.84305 2.95238
3.34709 4.03507
3.28316 7.38135
3.34709 4.03507
2.85881 3.615
3.34709 4.03507
3.33749 2.5965
3.34709 4.03507
2.61879 6.12961
3.34709 4.03507
2.0837 4.17018
3.34709 4.03507
3.78988 3.63304
3.34709 4.03507
3.81083 2.90171
3.34709 4.03507
2.37817 3.48739
3.34709 4.03507
3.19271 3.04672
3.34709 4.03507
3.504 3.06417
3.34709 4.03507
3.59825 3.2726
3.34709 4.03507
3.94587 5.63412
3.34709 4.03507
3.93699 3.27669
3.34709 4.03507
4.2724 4.65786
3.34709 4.03507
4.49333 4.70831
3.34709 4.03507
3.11417 3.4947
3.34709 4.03507
3.11547 5.84271
3.34709 4.03507
1.93357 3.63898
3.34709 4.03507
3.91298 3.83547
3.34709 4.03507
2.99927 3.42231
3.34709 4.03507
3.02788 3.0113
3.34709 4.03507
3.13512 4.58294
3.34709 4.03507
2.90265 4.20215
3.34709 4.03507
3.7651 5.4011
3.34709 4.03507
3.16113 4.52212
3.34709 4.03507
2.46368 3.92216
3.34709 4.03507
2.86812 5.30401
3.34709 4.03507
3.82821 5.35674
3.34709 4.03507
4.1734 4.37877
3.34709 4.03507
4.35808 3.96221
3.34709 4.03507
3.16577 3.10743
3.34709 4.03507
2.79993 3.22859
3.34709 4.03507
2.71955 3.60451
3.34709 4.03507
2.54783 3.38358
3.34709 4.03507
3.45717 2.99589
3.34709 4.03507
3.05919 3.20523
3.34709 4.03507
2.96751 4.04669
3.34709 4.03507
3.89091 4.24549
3.34709 4.03507
5.08228 5.41127
3.34709 4.03507
3.73135 3.20499
3.34709 4.03507
2.81547 3.23868
3.34709 4.03507
3.54544 3.3395
3.34709 4.03507
4.08772 3.25425
3.34709 4.03507
3.99834 3.99156
3.34709 4.03507
3.79688 4.95454
3.34709 4.03507
2.30875 4.22051
3.34709 4.03507
3.71716 4.94618
3.34709 4.03507
3.36447 2.96528
3.34709 4.03507
3.55225 3.56204
3.34709 4.03507
3.62972 3.24668
3.34709 4.03507
2.1707 3.54831
3.34709 4.03507
4.04471 4.26379
3.34709 4.03507
3.09881 3.65827
3.34709 4.03507
4.34246 4.15292
3.34709 4.03507
3.59081 3.91656
3.34709 4.03507
3.27374 4.20588
3.34709 4.03507
3.9604 3.21308
3.34709 4.03507
5.12097 6.36933
3.34709 4.03507
2.61043 4.86559
3.34709 4.03507
3.31163 2.84932
3.34709 4.03507
1.99902 4.27426
3.34709 4.03507
2.9223 2.76395
3.34709 4.03507
3.06041 5.20885
3.34709 4.03507
4.1393 3.6671
3.34709 4.03507
2.34588 4.35432
3.34709 4.03507
3.89247 4.97925
3.34709 4.03507
2.81541 5.26447
3.34709 4.03507
2.19523 5.85671
3.34709 4.03507
3.03763 3.82452
3.34709 4.03507
2.30028 3.33558
3.34709 4.03507
3.74872 3.12287
3.34709 4.03507
3.76792 4.12523
3.34709 4.03507
3.2909 3.42554
3.34709 4.03507
3.26785 2.67606
3.34709 4.03507
4.1266 5.18559
